01 0.034
02 0.047
03 0.047
04 0.045
05 0.045
06 0.049
07 0.057
08 0.049
09 0.040
10 0.043
11 0.045
12 0.043
13 0.041
14 0.039
15 0.036
16 0.036
17 0.036
18 0.043
19 0.036
20 0.047
21 0.035
22 0.034
23 0.038
24 0.039
25 0.044
26 0.032
27 0.031
28 0.034
29 0.035
30 0.034
31 0.031
32 0.036
33 0.031
34 0.035
35 0.038
36 0.032
37 0.036
38 0.032
39 0.031
40 0.031
41 0.036
42 0.033
43 0.034
44 0.032
45 0.034
46 0.031
47 0.032
48 0.032
49 0.037
50 0.032
51 0.033
52 0.051
53 0.067
54 0.053
55 0.055
56 0.053
57 0.051
58 0.070
59 0.044
60 0.052
61 0.052
62 0.055
63 0.060
64 0.051
65 0.055
66 0.052
67 0.052
68 0.049
69 0.052
70 0.047
71 0.052
72 0.048
73 0.049
74 0.049
75 0.046
76 0.056
77 0.049
78 0.065
79 0.069
80 0.066
81 0.064
82 0.069
83 0.061
84 0.065
85 0.060
86 0.067
87 0.064
88 0.068
89 0.059
90 0.063
91 0.068
92 0.061
93 0.064
94 0.062
95 0.060
96 0.059
97 0.064
98 0.059
99 0.067
100 0.069
101 0.065
102 2.842
103 2.795
104 2.861
105 2.817
106 2.754
107 2.792
108 2.813
109 2.843
110 3.012
111 3.856
112 3.479
113 3.992
114 4.244
115 3.610
116 3.705
117 3.480
118 3.150
119 3.209
120 3.401
121 3.289
122 4.680
123 3.249
124 3.358
125 3.142
126 3.154
127 3.502
128 3.212
129 3.164
130 3.126
131 3.151
132 3.372
133 3.190
134 3.151
135 3.151
136 3.047
137 3.155
138 3.140
139 3.080
140 3.175
141 3.091
142 3.171
143 3.322
144 4.788
145 3.044
146 3.182
147 3.146
148 3.297
149 3.355
150 3.344
151 3.110
152 0.035
153 0.053
154 0.034
155 0.039
156 0.038
157 0.055
158 0.037
159 0.038
160 0.036
161 0.037
162 0.036
163 0.040
164 0.031
165 0.038
166 0.043
167 0.051
168 0.030
169 0.038
170 0.039
171 0.034
172 0.031
173 0.038
174 0.036
175 0.034
176 0.033
177 0.035
178 0.038
179 0.031
180 0.036
181 0.033
182 0.036
183 0.059
184 0.036
185 0.032
186 0.044
187 0.041
188 0.041
189 0.043
190 0.039
191 0.038
192 0.036
193 0.032
194 0.034
195 0.093
196 0.031
197 0.038
198 0.031
199 0.051
200 0.035
201 0.063
202 0.078
203 0.063
204 0.061
205 0.067
206 0.060
207 0.066
208 0.067
209 0.065
210 0.065
211 0.065
212 0.071
213 0.069
214 0.063
215 0.063
216 0.066
217 0.061
218 0.071
219 0.067
220 0.066
221 0.058
222 0.064
223 0.063
224 0.066
225 0.069
226 0.066
227 0.071
228 0.074
229 0.068
230 0.059
231 0.086
232 0.067
233 0.061
234 0.088
235 0.065
236 0.061
237 0.065
238 0.065
239 0.070
240 0.060
241 0.064
242 0.058
243 0.070
244 0.055
245 0.061
246 0.064
247 0.065
248 0.061
249 0.065
250 0.056
251 0.067
252 2.840
253 2.803
254 2.770
255 2.923
256 2.789
257 2.865
258 2.902
259 2.866
260 2.867
261 2.917
262 2.777
263 2.816
264 2.844
265 2.830
266 2.909
267 2.897
268 2.884
269 2.837
270 2.743
271 2.821
272 2.909
273 2.778
274 2.838
275 2.761
276 2.919
277 3.139
278 3.254
279 3.092
280 3.126
281 3.135
282 3.121
283 3.212
284 3.269
285 3.288
286 3.172
287 3.607
288 3.158
289 3.114
290 3.069
291 3.131
292 3.087
293 3.315
294 3.050
295 3.233
296 3.134
297 3.410
298 3.075
299 3.122
300 3.005
301 3.146
302 0.038
303 0.039
304 0.038
305 0.045
306 0.043
307 0.036
308 0.040
309 0.039
310 0.038
311 0.046
312 0.043
313 0.036
314 0.034
315 0.040
316 0.041
317 0.038
318 0.066
319 0.041
320 0.053
321 0.032
322 0.039
323 0.036
324 0.039
325 0.031
326 0.034
327 0.036
328 0.030
329 0.035
330 0.030
331 0.038
332 0.032
333 0.031
334 0.031
335 0.036
336 0.030
337 0.030
338 0.042
339 0.033
340 0.047
341 0.032
342 0.032
343 0.047
344 0.045
345 0.035
346 0.032
347 0.037
348 0.051
349 0.035
350 0.038
351 0.038
352 0.049
353 0.053
354 0.049
355 0.049
356 0.058
357 0.050
358 0.048
359 0.050
360 0.053
361 0.060
362 0.059
363 0.053
364 0.047
365 0.050
366 0.058
367 0.048
368 0.052
369 0.052
370 0.048
371 0.060
372 0.052
373 0.061
374 0.057
375 0.051
376 0.057
377 0.053
378 0.059
379 0.047
380 0.053
381 0.048
382 0.055
383 0.050
384 0.047
385 0.047
386 0.049
387 0.058
388 0.053
389 0.053
390 0.051
391 0.051
392 0.052
393 0.055
394 0.052
395 0.068
396 0.056
397 0.064
398 0.059
399 0.049
400 0.067
401 0.053
402 1.892
403 1.827
404 1.813
405 1.782
406 1.857
407 1.782
408 1.777
409 1.809
410 2.187
411 1.770
412 1.951
413 2.334
414 1.958
415 1.817
416 1.749
417 1.820
418 1.921
419 1.793
420 1.879
421 1.913
422 2.211
423 1.839
424 1.818
425 2.017
426 1.829
427 1.754
428 1.928
429 1.768
430 1.984
431 1.951
432 1.892
433 1.916
434 2.005
435 1.908
436 1.800
437 1.849
438 1.972
439 1.814
440 2.033
441 1.984
442 2.105
443 1.751
444 2.013
445 1.855
446 1.749
447 1.754
448 1.957
449 1.876
450 2.070
451 1.764
452 0.031
453 0.032
454 0.029
455 0.031
456 0.031
457 0.032
458 0.036
459 0.027
460 0.030
461 0.029
462 0.034
463 0.031
464 0.029
465 0.029
466 0.032
467 0.029
468 0.031
469 0.032
470 0.043
471 0.042
472 0.034
473 0.031
474 0.035
475 0.031
476 0.043
477 0.031
478 0.035
479 0.038
480 0.037
481 0.035
482 0.029
483 0.032
484 0.032
485 0.039
486 0.035
487 0.038
488 0.038
489 0.029
490 0.036
491 0.042
492 0.038
493 0.051
494 0.058
495 0.035
496 0.033
497 0.035
498 0.041
499 0.037
500 0.040
501 0.031
502 0.063
503 0.050
504 0.057
505 0.055
506 0.063
507 0.055
508 0.055
509 0.054
510 0.055
511 0.056
512 0.053
513 0.051
514 0.049
515 0.049
516 0.052
517 0.059
518 0.051
519 0.054
520 0.057
521 0.062
522 0.061
523 0.050
524 0.058
525 0.650
526 0.121
527 0.144
528 0.074
529 0.058
530 0.061
531 0.079
532 0.049
533 0.059
534 0.059
535 0.130
536 0.100
537 0.067
538 0.067
539 0.067
540 0.105
541 0.054
542 0.053
543 0.051
544 0.057
545 0.053
546 0.061
547 0.072
548 0.068
549 0.062
550 0.054
551 0.057
552 1.949
553 2.405
554 2.152
555 1.811
556 1.933
557 1.777
558 1.796
559 2.042
560 2.045
561 1.762
562 1.862
563 1.903
564 1.810
565 3.358
566 2.411
567 2.363
568 2.799
569 2.446
570 2.016
571 1.831
572 1.775
573 1.756
574 1.868
575 1.762
576 1.783
577 1.736
578 1.792
579 1.811
580 2.497
581 2.892
582 1.880
583 1.950
584 1.905
585 2.436
586 1.878
587 1.917
588 1.854
589 1.973
590 1.824
591 1.853
592 2.198
593 1.989
594 1.962
595 2.166
596 1.830
597 1.849
598 1.968
599 1.943
600 2.229
601 2.102
602 0.040
603 0.030
604 0.035
605 0.030
606 0.048
607 0.043
608 0.042
609 0.031
610 0.031
611 0.028
612 0.037
613 0.033
614 0.033
615 0.041
616 0.033
617 0.030
618 0.030
619 0.037
620 0.033
621 0.034
622 0.030
623 0.028
624 0.030
625 0.035
626 0.033
627 0.035
628 0.031
629 0.033
630 0.033
631 0.031
632 0.028
633 0.068
634 0.033
635 0.041
636 0.044
637 0.045
638 0.042
639 0.055
640 0.031
641 0.032
642 0.031
643 0.030
644 0.030
645 0.049
646 0.045
647 0.040
648 0.035
649 0.035
650 0.040
651 0.038
652 0.053
653 0.077
654 0.059
655 0.052
656 0.051
657 0.055
658 0.065
659 0.051
660 0.052
661 0.049
662 0.073
663 0.060
664 0.124
665 0.095
666 0.079
667 0.068
668 0.078
669 0.069
670 0.066
671 0.061
672 0.059
673 0.053
674 0.054
675 0.059
676 0.056
677 0.049
678 0.060
679 0.056
680 0.049
681 0.048
682 0.051
683 0.055
684 0.050
685 0.058
686 0.051
687 0.056
688 0.053
689 0.081
690 0.050
691 0.052
692 0.074
693 0.067
694 0.056
695 0.055
696 0.063
697 0.059
698 0.059
699 0.053
700 0.058
701 0.051
702 2.458
703 2.192
704 1.845
705 1.953
706 1.828
707 1.785
708 1.796
709 1.762
710 1.843
711 1.843
712 1.813
713 1.798
714 1.790
715 1.787
716 1.811
717 1.904
718 1.882
719 1.909
720 1.791
721 1.890
722 1.914
723 1.926
724 1.944
725 2.014
726 1.923
727 1.952
728 2.510
729 1.936
730 1.913
731 2.256
732 1.952
733 1.874
734 1.911
735 1.904
736 1.841
737 1.755
738 1.827
739 2.057
740 2.061
741 1.902
742 1.926
743 1.784
744 2.197
745 2.115
746 1.894
747 2.027
748 2.044
749 2.134
750 1.913
751 1.841
