
01 0.207 1.000000
02 0.018 1.000000
03 0.011 1.000000
04 0.011 1.000000
05 0.011 1.000000
06 0.014 1.000000
07 0.012 1.000000
08 0.010 1.000000
09 0.010 1.000000
10 0.010 1.000000
11 0.011 1.000000
12 0.013 1.000000
13 0.011 1.000000
14 0.019 1.000000
15 0.014 1.000000
16 0.014 1.000000
17 0.015 1.000000
18 0.013 1.000000
19 0.019 1.000000
20 0.016 1.000000
21 0.012 1.000000
22 0.013 1.000000
23 0.013 1.000000
24 0.012 1.000000
25 0.013 1.000000
26 0.014 1.000000
27 0.014 1.000000
28 0.017 1.000000
29 0.013 1.000000
30 0.020 1.000000
31 0.031 1.000000
32 0.017 1.000000
33 0.022 1.000000
34 0.013 1.000000
35 0.015 1.000000
36 0.014 1.000000
37 0.013 1.000000
38 0.011 1.000000
39 0.011 1.000000
40 0.011 1.000000
41 0.011 1.000000
42 0.011 1.000000
43 0.014 1.000000
44 0.011 1.000000
45 0.011 1.000000
46 0.011 1.000000
47 0.011 1.000000
48 0.016 1.000000
49 0.015 1.000000
50 0.011 1.000000
51 0.010 1.000000
52 0.032 1.000000
53 0.037 1.000000
54 0.030 1.000000
55 0.031 1.000000
56 0.037 1.000000
57 0.030 1.000000
58 0.031 1.000000
59 0.033 1.000000
60 0.031 1.000000
61 0.029 1.000000
62 0.030 1.000000
63 0.030 1.000000
64 0.031 1.000000
65 0.030 1.000000
66 0.029 1.000000
67 0.029 1.000000
68 0.030 1.000000
69 0.030 1.000000
70 0.029 1.000000
71 0.110 1.000000
72 0.031 1.000000
73 0.031 1.000000
74 0.031 1.000000
75 0.031 1.000000
76 0.034 1.000000
77 0.033 1.000000
78 0.040 1.000000
79 0.042 1.000000
80 0.041 1.000000
81 0.042 1.000000
82 0.040 1.000000
83 0.040 1.000000
84 0.041 1.000000
85 0.045 1.000000
86 0.040 1.000000
87 0.041 1.000000
88 0.041 1.000000
89 0.040 1.000000
90 0.042 1.000000
91 0.043 1.000000
92 0.062 1.000000
93 0.044 1.000000
94 0.068 1.000000
95 0.044 1.000000
96 0.041 1.000000
97 0.041 1.000000
98 0.041 1.000000
99 0.042 1.000000
100 0.042 1.000000
101 0.046 1.000000
102 2.884 .013039
103 2.874 .016048
104 2.934 .013039
105 2.906 .018054
106 2.822 .014042
107 2.863 .017051
108 2.898 .016048
109 2.832 .018054
110 2.847 .012036
111 2.882 .010030
112 2.855 .016048
113 2.846 .022066
114 2.877 .012036
115 2.881 .015045
116 2.842 .015045
117 2.857 .018054
118 2.861 .019057
119 2.869 .016048
120 2.845 .018054
121 2.848 .016048
122 2.876 .022066
123 2.857 .011033
124 2.849 .019057
125 2.846 .017051
126 2.902 .021063
127 2.881 .016048
128 2.819 .015045
129 2.846 .014042
130 2.852 .014042
131 2.827 .019057
132 2.889 .014042
133 2.845 .015045
134 2.825 .011033
135 2.858 .014042
136 2.825 .017051
137 2.897 .008024
138 2.904 .009027
139 2.841 .012036
140 2.893 .012036
141 2.891 .014042
142 2.849 .013039
143 2.859 .012036
144 2.832 .021063
145 2.837 .016048
146 2.874 .019057
147 2.872 .014042
148 2.864 .012036
149 2.850 .018054
150 2.835 .021063
151 2.889 .016048
152 0.011 1.000000
153 0.012 1.000000
154 0.011 1.000000
155 0.011 1.000000
156 0.011 1.000000
157 0.012 1.000000
158 0.017 1.000000
159 0.013 1.000000
160 0.018 1.000000
161 0.012 1.000000
162 0.011 1.000000
163 0.011 1.000000
164 0.012 1.000000
165 0.010 1.000000
166 0.012 1.000000
167 0.011 1.000000
168 0.013 1.000000
169 0.011 1.000000
170 0.010 1.000000
171 0.011 1.000000
172 0.010 1.000000
173 0.011 1.000000
174 0.011 1.000000
175 0.011 1.000000
176 0.011 1.000000
177 0.010 1.000000
178 0.010 1.000000
179 0.011 1.000000
180 0.011 1.000000
181 0.010 1.000000
182 0.012 1.000000
183 0.011 1.000000
184 0.011 1.000000
185 0.011 1.000000
186 0.013 1.000000
187 0.012 1.000000
188 0.010 1.000000
189 0.011 1.000000
190 0.017 1.000000
191 0.017 1.000000
192 0.012 1.000000
193 0.011 1.000000
194 0.013 1.000000
195 0.012 1.000000
196 0.010 1.000000
197 0.010 1.000000
198 0.011 1.000000
199 0.011 1.000000
200 0.010 1.000000
201 0.011 1.000000
202 0.040 1.000000
203 0.040 1.000000
204 0.040 1.000000
205 0.041 1.000000
206 0.041 1.000000
207 0.042 1.000000
208 0.042 1.000000
209 0.042 1.000000
210 0.041 1.000000
211 0.040 1.000000
212 0.040 1.000000
213 0.041 1.000000
214 0.040 1.000000
215 0.042 1.000000
216 0.040 1.000000
217 0.041 1.000000
218 0.040 1.000000
219 0.040 1.000000
220 0.040 1.000000
221 0.042 1.000000
222 0.040 1.000000
223 0.040 1.000000
224 0.040 1.000000
225 0.040 1.000000
226 0.040 1.000000
227 0.041 1.000000
228 0.040 1.000000
229 0.041 1.000000
230 0.041 1.000000
231 0.040 1.000000
232 0.040 1.000000
233 0.041 1.000000
234 0.040 1.000000
235 0.041 1.000000
236 0.040 1.000000
237 0.041 1.000000
238 0.040 1.000000
239 0.042 1.000000
240 0.041 1.000000
241 0.041 1.000000
242 0.040 1.000000
243 0.040 1.000000
244 0.041 1.000000
245 0.042 1.000000
246 0.041 1.000000
247 0.041 1.000000
248 0.042 1.000000
249 0.041 1.000000
250 0.041 1.000000
251 0.042 1.000000
252 2.921 .014042
253 2.837 .013039
254 2.909 .017051
255 2.890 .011033
256 2.901 .014042
257 2.902 .015045
258 2.880 .021063
259 2.836 .022066
260 2.873 .016048
261 2.877 .017051
262 2.885 .020060
263 2.888 .017051
264 2.945 .008024
265 2.935 .010030
266 2.865 .021063
267 2.846 .022066
268 2.889 .016048
269 2.896 .014042
270 2.863 .011033
271 2.905 .012036
272 2.905 .018054
273 2.866 .014042
274 2.938 .025075
275 2.885 .013039
276 2.875 .018054
277 2.926 .015045
278 2.885 .010030
279 2.894 .016048
280 2.938 .015045
281 2.876 .015045
282 2.917 .018054
283 2.902 .015045
284 2.886 .015045
285 2.887 .017051
286 2.945 .015045
287 2.968 .017051
288 2.912 .019057
289 2.895 .015045
290 2.916 .009027
291 2.892 .017051
292 2.852 .012036
293 2.924 .023069
294 2.887 .014042
295 2.877 .015045
296 2.953 .022066
297 2.895 .010030
298 2.868 .016048
299 2.952 .017051
300 2.881 .015045
301 2.921 .015045
302 0.010 .714286
303 0.011 .714286
304 0.012 1.000000
305 0.012 .714286
306 0.012 1.000000
307 0.012 .714286
308 0.011 1.000000
309 0.012 1.000000
310 0.012 1.000000
311 0.011 1.000000
312 0.011 .857143
313 0.012 1.000000
314 0.011 1.000000
315 0.012 1.000000
316 0.012 1.000000
317 0.011 .714286
318 0.012 .714286
319 0.012 .857143
320 0.014 .857143
321 0.010 .857143
322 0.012 1.000000
323 0.076 .857143
324 0.012 .571429
325 0.012 .714286
326 0.012 .571429
327 0.012 .857143
328 0.013 .714286
329 0.012 1.000000
330 0.013 .714286
331 0.012 1.000000
332 0.012 .857143
333 0.011 1.000000
334 0.013 .714286
335 0.012 .857143
336 0.012 1.000000
337 0.012 .714286
338 0.011 .857143
339 0.011 .857143
340 0.011 .857143
341 0.011 1.000000
342 0.011 .571429
343 0.012 .714286
344 0.012 .857143
345 0.011 1.000000
346 0.011 .714286
347 0.011 1.000000
348 0.012 1.000000
349 0.018 1.000000
350 0.011 .857143
351 0.011 .714286
352 0.034 .804124
353 0.034 .793814
354 0.033 .701031
355 0.034 .824742
356 0.033 .773196
357 0.033 .865979
358 0.033 .855670
359 0.033 .804124
360 0.032 .814433
361 0.032 .793814
362 0.032 .835052
363 0.032 .742268
364 0.032 .824742
365 0.033 .762887
366 0.032 .762887
367 0.032 .773196
368 0.032 .804124
369 0.032 .721649
370 0.032 .773196
371 0.032 .783505
372 0.033 .793814
373 0.033 .814433
374 0.033 .804124
375 0.032 .824742
376 0.033 .773196
377 0.034 .742268
378 0.035 .835052
379 0.033 .876289
380 0.032 .742268
381 0.035 .855670
382 0.038 .814433
383 0.033 .773196
384 0.034 .896907
385 0.034 .752577
386 0.033 .855670
387 0.032 .711340
388 0.033 .855670
389 0.033 .783505
390 0.033 .773196
391 0.033 .793814
392 0.033 .742268
393 0.033 .804124
394 0.033 .742268
395 0.033 .814433
396 0.032 .711340
397 0.033 .783505
398 0.032 .814433
399 0.033 .762887
400 0.033 .783505
401 0.032 .783505
402 2.136 .967904
403 2.103 .963892
404 2.130 .955868
405 2.114 .960883
406 2.135 .964895
407 2.108 .958877
408 2.139 .961886
409 2.137 .953862
410 2.136 .962889
411 2.157 .965898
412 2.154 .957874
413 2.151 .963892
414 2.151 .968907
415 2.147 .965898
416 2.148 .963892
417 2.114 .960883
418 2.150 .965898
419 2.139 .964895
420 2.177 .965898
421 2.149 .966901
422 2.166 .973922
423 2.183 .954865
424 2.160 .957874
425 2.131 .948847
426 2.160 .968907
427 2.147 .961886
428 2.119 .945838
429 2.169 .962889
430 2.173 .961886
431 2.124 .949850
432 2.149 .949850
433 2.102 .962889
434 2.113 .956871
435 2.120 .961886
436 2.126 .954865
437 2.115 .962889
438 2.111 .967904
439 2.124 .951856
440 2.095 .970913
441 2.177 .954865
442 2.137 .963892
443 2.204 .965898
444 2.124 .952859
445 2.182 .963892
446 2.156 .961886
447 2.184 .963892
448 2.126 .960883
449 2.189 .965898
450 2.136 .953862
451 2.177 .951856
452 0.011 .428571
453 0.011 .571429
454 0.011 .714286
455 0.012 .428571
456 0.012 .714286
457 0.012 .571429
458 0.011 .571429
459 0.012 .571429
460 0.011 .714286
461 0.013 .428571
462 0.014 .428571
463 0.011 .714286
464 0.012 .714286
465 0.016 .714286
466 0.012 .571429
467 0.012 .571429
468 0.011 .714286
469 0.012 .714286
470 0.012 .428571
471 0.012 .571429
472 0.012 .714286
473 0.011 .285714
474 0.013 .714286
475 0.012 .714286
476 0.013 .428571
477 0.012 .428571
478 0.015 .571429
479 0.012 .428571
480 0.012 .285714
481 0.012 .571429
482 0.012 .714286
483 0.014 .428571
484 0.011 .714286
485 0.013 .571429
486 0.011 .571429
487 0.013 .428571
488 0.014 .571429
489 0.012 .714286
490 0.012 .714286
491 0.013 .428571
492 0.013 .714286
493 0.012 .714286
494 0.013 .428571
495 0.300 .428571
496 0.012 .571429
497 0.018 .571429
498 0.014 .428571
499 0.012 .571429
500 0.012 .571429
501 0.012 .571429
502 0.037 .752577
503 0.035 .721649
504 0.038 .731959
505 0.034 .701031
506 0.038 .701031
507 0.051 .762887
508 0.036 .721649
509 0.038 .711340
510 0.055 .804124
511 0.047 .618557
512 0.032 .804124
513 0.035 .701031
514 0.036 .721649
515 0.037 .690722
516 0.034 .721649
517 0.036 .731959
518 0.033 .752577
519 0.044 .721649
520 0.066 .793814
521 0.034 .793814
522 0.033 .752577
523 0.035 .711340
524 0.034 .804124
525 0.035 .762887
526 0.034 .711340
527 0.034 .762887
528 0.036 .731959
529 0.033 .711340
530 0.034 .762887
531 0.034 .711340
532 0.050 .762887
533 0.047 .793814
534 0.117 .762887
535 0.070 .721649
536 0.047 .701031
537 0.068 .762887
538 0.078 .701031
539 0.051 .752577
540 0.062 .742268
541 0.058 .711340
542 0.069 .649485
543 0.048 .742268
544 0.046 .670103
545 0.039 .690722
546 0.034 .793814
547 0.035 .731959
548 0.034 .742268
549 0.035 .649485
550 0.034 .835052
551 0.033 .783505
552 2.254 .932798
553 2.189 .940822
554 2.205 .927783
555 2.214 .929789
556 2.265 .919759
557 2.166 .945838
558 2.251 .933801
559 2.195 .901705
560 2.223 .927783
561 2.129 .929789
562 2.195 .940822
563 2.167 .938816
564 2.421 .936810
565 2.151 .929789
566 2.237 .926780
567 2.147 .930792
568 2.202 .926780
569 2.163 .936810
570 2.220 .919759
571 2.115 .936810
572 2.217 .938816
573 2.140 .926780
574 2.217 .931795
575 2.155 .930792
576 2.191 .920762
577 2.128 .929789
578 2.184 .916750
579 2.164 .932798
580 2.199 .928786
581 2.159 .923771
582 2.200 .937813
583 2.170 .921765
584 2.217 .935807
585 2.147 .937813
586 2.198 .937813
587 2.173 .927783
588 2.178 .921765
589 2.130 .935807
590 2.209 .937813
591 2.135 .934804
592 2.156 .940822
593 2.147 .929789
594 2.211 .911735
595 2.158 .923771
596 2.222 .940822
597 2.136 .922768
598 2.255 .933801
599 2.164 .922768
600 2.207 .939819
601 2.159 .918756
602 0.011 .428571
603 0.012 .857143
604 0.012 .571429
605 0.014 .714286
606 0.011 .571429
607 0.011 .714286
608 0.012 .428571
609 0.012 1.000000
610 0.012 .571429
611 0.012 .142857
612 0.012 .571429
613 0.012 .285714
614 0.014 .428571
615 0.012 .857143
616 0.012 .428571
617 0.011 .428571
618 0.012 .428571
619 0.011 1.000000
620 0.012 .285714
621 0.012 .571429
622 0.012 .714286
623 0.011 .857143
624 0.012 .285714
625 0.011 .714286
626 0.011 .714286
627 0.011 .571429
628 0.012 .714286
629 0.011 .714286
630 0.013 .285714
631 0.011 .714286
632 0.011 .714286
633 0.011 .428571
634 0.012 .857143
635 0.011 .428571
636 0.011 .142857
637 0.012 .428571
638 0.011 .285714
639 0.013 .428571
640 0.011 .428571
641 0.012 .285714
642 0.011 .714286
643 0.011 .571429
644 0.011 .428571
645 0.012 .571429
646 0.012 .714286
647 0.011 .714286
648 0.012 .428571
649 0.012 .428571
650 0.011 .571429
651 0.012 .571429
652 0.071 .505155
653 0.033 .536082
654 0.032 .546392
655 0.034 .402062
656 0.033 .340206
657 0.033 .463918
658 0.033 .525773
659 0.042 .649485
660 0.033 .536082
661 0.032 .587629
662 0.032 .412371
663 0.033 .525773
664 0.032 .587629
665 0.032 .608247
666 0.032 .536082
667 0.034 .505155
668 0.033 .443299
669 0.032 .556701
670 0.033 .505155
671 0.033 .587629
672 0.033 .340206
673 0.032 .577320
674 0.033 .628866
675 0.033 .515464
676 0.033 .546392
677 0.033 .443299
678 0.032 .525773
679 0.033 .567010
680 0.033 .556701
681 0.032 .422680
682 0.033 .463918
683 0.033 .515464
684 0.033 .556701
685 0.033 .618557
686 0.033 .536082
687 0.034 .381443
688 0.033 .608247
689 0.034 .587629
690 0.033 .608247
691 0.033 .463918
692 0.032 .556701
693 0.032 .494845
694 0.032 .536082
695 0.032 .381443
696 0.032 .340206
697 0.032 .309278
698 0.033 .536082
699 0.032 .536082
700 0.032 .536082
701 0.032 .556701
702 2.188 .802407
703 2.176 .827482
704 2.167 .821464
705 2.143 .816449
706 2.185 .819458
707 2.128 .816449
708 2.210 .830491
709 2.189 .783350
710 2.208 .807422
711 2.106 .805416
712 2.180 .796389
713 2.104 .833501
714 2.142 .821464
715 2.193 .831494
716 2.198 .792377
717 2.120 .836510
718 2.173 .806419
719 2.147 .818455
720 2.177 .791374
721 2.108 .813440
722 2.170 .821464
723 2.095 .819458
724 2.189 .808425
725 2.095 .831494
726 2.175 .823470
727 2.123 .814443
728 2.167 .789368
729 2.188 .802407
730 2.179 .808425
731 2.118 .812437
732 2.124 .799398
733 2.165 .808425
734 2.156 .830491
735 2.092 .817452
736 2.098 .811434
737 2.127 .815446
738 2.124 .808425
739 2.155 .796389
740 2.085 .807422
741 2.122 .815446
742 2.135 .798395
743 2.107 .815446
744 2.147 .816449
745 2.095 .798395
746 2.125 .814443
747 2.227 .822467
748 2.082 .825476
749 2.169 .817452
750 2.086 .776329
751 2.155 .819458
