01 0.117 1.000000
02 0.010 1.000000
03 0.010 0
04 0.011 0
05 0.012 0
06 0.011 1.000000
07 0.013 1.000000
08 0.010 0
09 0.011 0
10 0.012 0
11 0.011 0
12 0.012 1.000000
13 0.011 1.000000
14 0.012 0
15 0.011 0
16 0.013 0
17 0.012 1.000000
18 0.011 0
19 0.011 0
20 0.011 0
21 0.011 0
22 0.012 0
23 0.013 1.000000
24 0.012 0
25 0.012 1.000000
26 0.011 1.000000
27 0.013 0
28 0.012 1.000000
29 0.013 0
30 0.012 1.000000
31 0.011 1.000000
32 0.012 0
33 0.011 0
34 0.011 1.000000
35 0.011 0
36 0.011 0
37 0.010 1.000000
38 0.012 1.000000
39 0.011 1.000000
40 0.011 0
41 0.011 0
42 0.010 0
43 0.010 1.000000
44 0.011 0
45 0.011 0
46 0.011 0
47 0.011 1.000000
48 0.010 1.000000
49 0.012 1.000000
50 0.011 1.000000
51 0.011 1.000000
52 0.014 1.000000
53 0.015 1.000000
54 0.016 1.000000
55 0.016 1.000000
56 0.017 1.000000
57 0.018 1.000000
58 0.014 1.000000
59 0.015 1.000000
60 0.015 1.000000
61 0.017 1.000000
62 0.015 1.000000
63 0.017 1.000000
64 0.015 1.000000
65 0.018 1.000000
66 0.016 1.000000
67 0.015 1.000000
68 0.015 1.000000
69 0.017 1.000000
70 0.015 1.000000
71 0.023 1.000000
72 0.014 1.000000
73 0.015 1.000000
74 0.016 1.000000
75 0.016 1.000000
76 0.035 1.000000
77 0.016 1.000000
78 0.011 0
79 0.011 0
80 0.011 0
81 0.011 0
82 0.011 0
83 0.011 0
84 0.011 0
85 0.011 0
86 0.011 0
87 0.011 0
88 0.011 0
89 0.011 0
90 0.011 0
91 0.011 0
92 0.011 0
93 0.011 0
94 0.012 0
95 0.011 0
96 0.011 0
97 0.011 0
98 0.010 0
99 0.010 0
100 0.011 0
101 0.011 0
102 0.013 0
103 0.012 0
104 0.012 0
105 0.012 0
106 0.013 0
107 0.012 0
108 0.013 0
109 0.012 0
110 0.013 0
111 0.013 0
112 0.013 0
113 0.012 0
114 0.012 0
115 0.013 0
116 0.013 0
117 0.013 0
118 0.013 0
119 0.013 0
120 0.012 0
121 0.013 0
122 0.012 0
123 0.013 0
124 0.012 0
125 0.013 0
126 0.012 0
127 0.012 0
128 0.013 0
129 0.012 0
130 0.014 0
131 0.013 0
132 0.012 0
133 0.013 0
134 0.014 0
135 0.012 0
136 0.014 0
137 0.013 0
138 0.013 0
139 0.012 0
140 0.012 0
141 0.013 0
142 0.013 0
143 0.012 0
144 0.013 0
145 0.014 0
146 0.013 0
147 0.012 0
148 0.013 0
149 0.013 0
150 0.016 0
151 0.013 0
152 0.011 0
153 0.011 1.000000
154 0.012 1.000000
155 0.011 0
156 0.011 0
157 0.011 0
158 0.012 1.000000
159 0.010 0
160 0.011 0
161 0.012 1.000000
162 0.011 0
163 0.010 0
164 0.011 0
165 0.012 1.000000
166 0.011 0
167 0.011 0
168 0.011 1.000000
169 0.010 1.000000
170 0.010 0
171 0.010 0
172 0.011 1.000000
173 0.010 1.000000
174 0.010 1.000000
175 0.011 0
176 0.011 0
177 0.010 1.000000
178 0.010 0
179 0.011 0
180 0.011 1.000000
181 0.010 0
182 0.011 0
183 0.011 1.000000
184 0.011 0
185 0.011 1.000000
186 0.010 1.000000
187 0.013 1.000000
188 0.010 1.000000
189 0.011 1.000000
190 0.011 1.000000
191 0.010 1.000000
192 0.011 1.000000
193 0.011 0
194 0.011 1.000000
195 0.011 1.000000
196 0.011 0
197 0.011 1.000000
198 0.010 0
199 0.010 1.000000
200 0.010 1.000000
201 0.011 0
202 0.012 0
203 0.012 0
204 0.010 0
205 0.011 0
206 0.011 0
207 0.011 0
208 0.012 0
209 0.010 0
210 0.010 0
211 0.011 0
212 0.011 0
213 0.011 0
214 0.011 0
215 0.012 0
216 0.012 0
217 0.011 0
218 0.011 0
219 0.011 0
220 0.011 0
221 0.011 0
222 0.010 0
223 0.011 0
224 0.018 0
225 0.010 0
226 0.012 0
227 0.010 0
228 0.012 0
229 0.012 0
230 0.013 0
231 0.027 0
232 0.016 0
233 0.022 0
234 0.030 0
235 0.023 0
236 0.016 0
237 0.011 0
238 0.010 0
239 0.010 0
240 0.011 0
241 0.011 0
242 0.015 0
243 0.024 0
244 0.015 0
245 0.011 0
246 0.011 0
247 0.019 0
248 0.010 0
249 0.017 0
250 0.016 0
251 0.010 0
252 0.017 0
253 0.012 0
254 0.012 0
255 0.018 0
256 0.013 0
257 0.016 0
258 0.012 0
259 0.016 0
260 0.013 0
261 0.012 0
262 0.013 0
263 0.013 0
264 0.013 0
265 0.017 0
266 0.013 0
267 0.019 0
268 0.015 0
269 0.014 0
270 0.013 0
271 0.015 0
272 0.013 0
273 0.016 0
274 0.018 0
275 0.013 0
276 0.013 0
277 0.013 0
278 0.012 0
279 0.013 0
280 0.013 0
281 0.013 0
282 0.013 0
283 0.012 0
284 0.013 0
285 0.017 0
286 0.012 0
287 0.013 0
288 0.012 0
289 0.012 0
290 0.012 0
291 0.012 0
292 0.013 0
293 0.012 0
294 0.013 0
295 0.012 0
296 0.012 0
297 0.013 0
298 0.013 0
299 0.012 0
300 0.013 0
301 0.013 0
302 0.011 1.000000
303 0.011 1.000000
304 0.011 1.000000
305 0.011 1.000000
306 0.012 1.000000
307 0.011 1.000000
308 0.011 1.000000
309 0.011 1.000000
310 0.012 1.000000
311 0.011 1.000000
312 0.011 1.000000
313 0.011 1.000000
314 0.010 1.000000
315 0.010 1.000000
316 0.010 1.000000
317 0.010 1.000000
318 0.012 1.000000
319 0.010 1.000000
320 0.011 1.000000
321 0.011 1.000000
322 0.011 1.000000
323 0.010 1.000000
324 0.010 1.000000
325 0.011 1.000000
326 0.010 1.000000
327 0.011 1.000000
328 0.011 1.000000
329 0.010 1.000000
330 0.011 1.000000
331 0.012 1.000000
332 0.010 1.000000
333 0.010 1.000000
334 0.011 1.000000
335 0.011 1.000000
336 0.011 1.000000
337 0.011 1.000000
338 0.010 1.000000
339 0.011 1.000000
340 0.011 1.000000
341 0.010 1.000000
342 0.010 1.000000
343 0.011 1.000000
344 0.010 1.000000
345 0.011 1.000000
346 0.010 1.000000
347 0.011 1.000000
348 0.011 1.000000
349 0.011 1.000000
350 0.011 1.000000
351 0.010 1.000000
352 0.015 1.000000
353 0.062 1.000000
354 0.056 1.000000
355 0.022 1.000000
356 0.023 1.000000
357 0.046 1.000000
358 0.029 1.000000
359 0.024 1.000000
360 0.016 1.000000
361 0.016 1.000000
362 0.017 1.000000
363 0.037 1.000000
364 0.027 1.000000
365 0.031 1.000000
366 0.018 1.000000
367 0.058 1.000000
368 0.015 1.000000
369 0.028 1.000000
370 0.070 1.000000
371 0.022 1.000000
372 0.036 1.000000
373 0.017 1.000000
374 0.024 1.000000
375 0.017 1.000000
376 0.018 1.000000
377 0.018 1.000000
378 0.019 1.000000
379 0.019 1.000000
380 0.015 1.000000
381 0.116 1.000000
382 0.026 1.000000
383 0.025 1.000000
384 0.025 1.000000
385 0.032 1.000000
386 0.026 1.000000
387 0.052 1.000000
388 0.037 1.000000
389 0.022 1.000000
390 0.021 1.000000
391 0.018 1.000000
392 0.018 1.000000
393 0.018 1.000000
394 0.019 1.000000
395 0.027 1.000000
396 0.024 1.000000
397 0.023 1.000000
398 0.021 1.000000
399 0.060 1.000000
400 0.031 1.000000
401 0.017 1.000000
402 2.123 1.000000
403 2.144 1.000000
404 2.054 1.000000
405 1.975 1.000000
406 2.244 1.000000
407 3.810 .998997
408 2.035 1.000000
409 2.790 .998997
410 2.066 1.000000
411 2.164 1.000000
412 4.333 1.000000
413 2.026 1.000000
414 2.677 1.000000
415 2.196 1.000000
416 2.879 .998997
417 2.311 .998997
418 2.066 1.000000
419 3.554 1.000000
420 2.910 1.000000
421 2.199 1.000000
422 4.203 1.000000
423 102.019 0
424 2.364 1.000000
425 2.178 1.000000
426 2.730 1.000000
427 2.965 1.000000
428 6.856 1.000000
429 2.029 .998997
430 5.257 1.000000
431 1.893 1.000000
432 2.154 1.000000
433 7.904 1.000000
434 2.052 1.000000
435 2.044 1.000000
436 2.854 .998997
437 3.378 1.000000
438 2.234 1.000000
439 2.176 1.000000
440 3.754 .998997
441 2.065 1.000000
442 2.793 1.000000
443 3.841 1.000000
444 5.187 1.000000
445 1.901 1.000000
446 2.302 1.000000
447 2.729 1.000000
448 7.660 1.000000
449 2.987 1.000000
450 3.133 1.000000
451 3.703 1.000000
452 0.012 1.000000
453 0.014 1.000000
454 0.012 1.000000
455 0.012 1.000000
456 0.021 1.000000
457 0.014 1.000000
458 0.012 1.000000
459 0.012 1.000000
460 0.012 1.000000
461 0.012 1.000000
462 0.012 1.000000
463 0.011 1.000000
464 0.014 1.000000
465 0.012 1.000000
466 0.016 1.000000
467 0.012 1.000000
468 0.012 1.000000
469 0.011 1.000000
470 0.011 1.000000
471 0.013 1.000000
472 0.012 1.000000
473 0.012 1.000000
474 0.012 1.000000
475 0.011 1.000000
476 0.011 1.000000
477 0.010 1.000000
478 0.010 1.000000
479 0.011 1.000000
480 0.011 1.000000
481 0.011 1.000000
482 0.011 1.000000
483 0.012 1.000000
484 0.012 1.000000
485 0.011 1.000000
486 0.012 1.000000
487 0.012 1.000000
488 0.012 1.000000
489 0.011 1.000000
490 0.012 1.000000
491 0.016 1.000000
492 0.011 1.000000
493 0.011 1.000000
494 0.010 1.000000
495 0.011 1.000000
496 0.012 1.000000
497 0.010 1.000000
498 0.011 1.000000
499 0.011 1.000000
500 0.011 1.000000
501 0.012 1.000000
502 0.016 1.000000
503 0.022 1.000000
504 0.015 1.000000
505 0.019 1.000000
506 0.015 1.000000
507 0.015 1.000000
508 0.045 1.000000
509 0.020 1.000000
510 0.032 1.000000
511 0.031 1.000000
512 0.020 1.000000
513 0.023 1.000000
514 0.025 1.000000
515 0.024 1.000000
516 0.021 1.000000
517 0.055 1.000000
518 0.017 1.000000
519 0.017 1.000000
520 0.016 1.000000
521 0.018 1.000000
522 0.016 1.000000
523 0.017 1.000000
524 0.015 1.000000
525 0.018 1.000000
526 0.019 1.000000
527 0.017 1.000000
528 0.016 1.000000
529 0.016 1.000000
530 0.016 1.000000
531 0.015 1.000000
532 0.017 1.000000
533 0.015 1.000000
534 0.027 1.000000
535 0.053 1.000000
536 0.017 1.000000
537 0.018 1.000000
538 0.019 1.000000
539 0.016 1.000000
540 0.015 1.000000
541 0.016 1.000000
542 0.017 1.000000
543 0.018 1.000000
544 0.015 1.000000
545 0.019 1.000000
546 0.014 1.000000
547 0.032 1.000000
548 0.015 1.000000
549 0.022 1.000000
550 0.016 1.000000
551 0.015 1.000000
552 3.879 1.000000
553 6.082 1.000000
554 2.802 1.000000
555 2.049 1.000000
556 2.416 1.000000
557 3.829 .998997
558 2.880 .998997
559 31.749 1.000000
560 2.125 1.000000
561 1.994 1.000000
562 8.075 1.000000
563 2.356 1.000000
564 2.146 1.000000
565 2.622 1.000000
566 2.269 1.000000
567 2.190 1.000000
568 2.035 1.000000
569 2.159 1.000000
570 6.135 1.000000
571 3.804 1.000000
572 2.855 1.000000
573 10.080 1.000000
574 2.777 1.000000
575 2.136 1.000000
576 4.419 1.000000
577 2.546 1.000000
578 3.710 1.000000
579 2.126 1.000000
580 2.275 1.000000
581 6.565 1.000000
582 2.074 1.000000
583 10.179 1.000000
584 2.246 1.000000
585 4.475 1.000000
586 2.324 1.000000
587 3.661 1.000000
588 2.962 1.000000
589 2.403 1.000000
590 10.815 1.000000
591 2.445 1.000000
592 2.073 1.000000
593 6.736 1.000000
594 2.354 1.000000
595 4.276 1.000000
596 2.247 1.000000
597 2.294 1.000000
598 2.264 .998997
599 2.189 .998997
600 7.379 1.000000
601 2.168 1.000000
602 0.010 1.000000
603 0.012 1.000000
604 0.011 1.000000
605 0.011 1.000000
606 0.012 1.000000
607 0.011 1.000000
608 0.012 1.000000
609 0.012 1.000000
610 0.011 1.000000
611 0.010 1.000000
612 0.011 1.000000
613 0.011 1.000000
614 0.017 1.000000
615 0.011 1.000000
616 0.011 1.000000
617 0.010 1.000000
618 0.011 1.000000
619 0.013 1.000000
620 0.011 1.000000
621 0.012 1.000000
622 0.011 1.000000
623 0.011 1.000000
624 0.012 1.000000
625 0.011 1.000000
626 0.011 1.000000
627 0.011 1.000000
628 0.011 1.000000
629 0.011 1.000000
630 0.012 1.000000
631 0.012 1.000000
632 0.011 1.000000
633 0.011 1.000000
634 0.011 1.000000
635 0.011 1.000000
636 0.011 1.000000
637 0.011 1.000000
638 0.011 1.000000
639 0.010 1.000000
640 0.012 1.000000
641 0.011 1.000000
642 0.011 1.000000
643 0.011 1.000000
644 0.011 1.000000
645 0.011 1.000000
646 0.011 1.000000
647 0.011 1.000000
648 0.011 1.000000
649 0.011 1.000000
650 0.013 1.000000
651 0.011 1.000000
652 0.014 1.000000
653 0.015 1.000000
654 0.016 1.000000
655 0.015 1.000000
656 0.014 1.000000
657 0.015 1.000000
658 0.028 1.000000
659 0.016 1.000000
660 0.017 1.000000
661 0.034 1.000000
662 0.015 1.000000
663 0.015 1.000000
664 0.015 1.000000
665 0.016 1.000000
666 0.015 1.000000
667 0.015 1.000000
668 0.019 1.000000
669 0.015 1.000000
670 0.016 1.000000
671 0.017 1.000000
672 0.015 1.000000
673 0.015 1.000000
674 0.015 1.000000
675 0.014 1.000000
676 0.015 1.000000
677 0.015 1.000000
678 0.015 1.000000
679 0.014 1.000000
680 0.015 1.000000
681 0.015 1.000000
682 0.017 1.000000
683 0.015 1.000000
684 0.015 1.000000
685 0.020 1.000000
686 0.052 1.000000
687 0.016 1.000000
688 0.015 1.000000
689 0.021 1.000000
690 0.016 1.000000
691 0.015 1.000000
692 0.016 1.000000
693 0.015 1.000000
694 0.016 1.000000
695 0.016 1.000000
696 0.015 1.000000
697 0.016 1.000000
698 0.015 1.000000
699 0.016 1.000000
700 0.017 1.000000
701 0.015 1.000000
702 2.154 1.000000
703 2.398 1.000000
704 3.155 1.000000
705 45.615 1.000000
706 2.140 .998997
707 2.009 1.000000
708 5.547 1.000000
709 2.921 1.000000
710 2.888 1.000000
711 1.994 .998997
712 10.920 .998997
713 7.186 1.000000
714 4.597 1.000000
715 2.181 1.000000
716 3.653 1.000000
717 2.044 1.000000
718 2.052 1.000000
719 2.255 1.000000
720 2.049 1.000000
721 2.158 1.000000
722 4.788 .995988
723 2.390 1.000000
724 7.427 1.000000
725 3.057 1.000000
726 2.931 1.000000
727 3.541 .996991
728 7.247 .998997
729 2.233 1.000000
730 2.083 .998997
731 4.350 1.000000
732 4.534 1.000000
733 5.911 1.000000
734 3.776 1.000000
735 6.604 1.000000
736 2.142 .998997
737 2.027 .997994
738 2.210 1.000000
739 3.561 1.000000
740 2.268 1.000000
741 2.050 1.000000
742 2.134 .998997
743 2.301 1.000000
744 2.922 1.000000
745 2.372 1.000000
746 2.247 1.000000
747 2.323 1.000000
748 2.565 1.000000
749 3.078 1.000000
750 23.852 .998997
751 2.244 .998997
