01 0.033
02 0.029
03 0.031
04 0.026
05 0.034
06 0.028
07 0.027
08 0.027
09 0.027
10 0.027
11 0.028
12 0.030
13 0.027
14 0.028
15 0.031
16 0.027
17 0.028
18 0.028
19 0.030
20 0.034
21 0.029
22 0.029
23 0.029
24 0.027
25 0.028
26 0.027
27 0.031
28 0.036
29 0.029
30 0.031
31 0.027
32 0.030
33 0.027
34 0.028
35 0.032
36 0.026
37 0.026
38 0.029
39 0.027
40 0.030
41 0.029
42 0.027
43 0.028
44 0.027
45 0.026
46 0.027
47 0.026
48 0.026
49 0.027
50 0.029
51 0.029
52 0.046
53 0.032
54 0.036
55 0.036
56 0.037
57 0.046
58 0.037
59 0.075
60 0.042
61 0.035
62 0.032
63 0.062
64 0.033
65 0.034
66 0.035
67 0.033
68 0.034
69 0.032
70 0.032
71 0.037
72 0.085
73 0.035
74 0.038
75 0.036
76 0.033
77 0.032
78 0.040
79 0.037
80 0.036
81 0.038
82 0.039
83 0.039
84 0.036
85 0.036
86 0.036
87 0.042
88 0.036
89 0.037
90 0.036
91 0.041
92 0.036
93 0.039
94 0.037
95 0.037
96 0.037
97 0.043
98 0.043
99 0.036
100 0.038
101 0.041
102 1.290
103 1.392
104 1.414
105 1.272
106 1.284
107 1.259
108 1.276
109 1.327
110 1.293
111 1.263
112 1.256
113 1.588
114 1.291
115 1.266
116 1.265
117 1.294
118 1.256
119 1.273
120 1.267
121 1.277
122 1.284
123 1.294
124 1.293
125 1.280
126 1.300
127 1.294
128 1.257
129 1.270
130 1.286
131 1.294
132 1.287
133 1.274
134 1.322
135 1.250
136 1.265
137 1.275
138 1.285
139 1.273
140 1.292
141 1.281
142 1.285
143 1.288
144 1.274
145 1.335
146 1.297
147 1.276
148 1.279
149 1.272
150 1.272
151 1.287
152 0.028
153 0.027
154 0.026
155 0.028
156 0.026
157 0.027
158 0.027
159 0.026
160 0.026
161 0.026
162 0.028
163 0.026
164 0.027
165 0.026
166 0.026
167 0.028
168 0.026
169 0.027
170 0.027
171 0.027
172 0.025
173 0.026
174 0.027
175 0.026
176 0.027
177 0.027
178 0.027
179 0.028
180 0.025
181 0.026
182 0.027
183 0.025
184 0.027
185 0.027
186 0.026
187 0.033
188 0.026
189 0.027
190 0.026
191 0.027
192 0.027
193 0.026
194 0.028
195 0.026
196 0.027
197 0.027
198 0.026
199 0.028
200 0.027
201 0.030
202 0.038
203 0.041
204 0.038
205 0.037
206 0.037
207 0.037
208 0.036
209 0.039
210 0.036
211 0.038
212 0.037
213 0.036
214 0.036
215 0.038
216 0.037
217 0.036
218 0.036
219 0.036
220 0.039
221 0.036
222 0.037
223 0.039
224 0.040
225 0.038
226 0.050
227 0.039
228 0.036
229 0.037
230 0.037
231 0.036
232 0.038
233 0.038
234 0.037
235 0.036
236 0.039
237 0.036
238 0.037
239 0.038
240 0.036
241 0.036
242 0.037
243 0.036
244 0.037
245 0.037
246 0.038
247 0.038
248 0.038
249 0.037
250 0.037
251 0.039
252 1.266
253 1.245
254 1.252
255 1.273
256 1.305
257 1.306
258 1.281
259 1.237
260 1.269
261 1.315
262 1.317
263 1.269
264 1.280
265 1.275
266 1.262
267 1.279
268 1.348
269 1.659
270 1.297
271 1.303
272 1.256
273 1.298
274 1.286
275 1.278
276 1.277
277 1.291
278 1.294
279 1.297
280 1.307
281 1.295
282 1.283
283 1.276
284 1.245
285 1.259
286 1.280
287 1.306
288 1.297
289 1.325
290 1.286
291 1.315
292 1.300
293 1.278
294 1.283
295 1.640
296 1.299
297 1.302
298 1.352
299 1.361
300 1.367
301 1.432
302 0.027
303 0.028
304 0.026
305 0.030
306 0.027
307 0.037
308 0.028
309 0.030
310 0.032
311 0.028
312 0.028
313 0.027
314 0.030
315 0.032
316 0.027
317 0.027
318 0.026
319 0.027
320 0.027
321 0.030
322 0.027
323 0.028
324 0.027
325 0.029
326 0.026
327 0.026
328 0.027
329 0.028
330 0.026
331 0.027
332 0.026
333 0.027
334 0.031
335 0.035
336 0.030
337 0.030
338 0.039
339 0.026
340 0.027
341 0.028
342 0.030
343 0.028
344 0.028
345 0.026
346 0.029
347 0.029
348 0.027
349 0.028
350 0.034
351 0.029
352 0.034
353 0.035
354 0.041
355 0.034
356 0.034
357 0.038
358 0.042
359 0.045
360 0.044
361 0.037
362 0.036
363 0.034
364 0.041
365 0.034
366 0.038
367 0.034
368 0.038
369 0.037
370 0.038
371 0.036
372 0.034
373 0.035
374 0.034
375 0.037
376 0.038
377 0.044
378 0.042
379 0.035
380 0.038
381 0.034
382 0.033
383 0.032
384 0.033
385 0.034
386 0.036
387 0.033
388 0.034
389 0.042
390 0.033
391 0.035
392 0.033
393 0.033
394 0.037
395 0.033
396 0.039
397 0.034
398 0.034
399 0.036
400 0.034
401 0.035
402 1.287
403 1.073
404 0.819
405 0.968
406 0.810
407 0.877
408 0.783
409 0.826
410 0.748
411 0.888
412 0.816
413 0.734
414 0.754
415 0.813
416 0.867
417 0.866
418 0.742
419 0.856
420 0.794
421 0.862
422 0.818
423 0.735
424 0.866
425 0.866
426 0.875
427 0.824
428 0.912
429 1.248
430 0.838
431 0.831
432 0.790
433 0.820
434 0.733
435 0.792
436 0.743
437 0.820
438 0.760
439 0.880
440 0.900
441 0.815
442 0.806
443 0.942
444 0.810
445 0.751
446 0.741
447 0.823
448 0.779
449 0.820
450 1.064
451 0.797
452 0.031
453 0.038
454 0.033
455 0.035
456 0.026
457 0.027
458 0.025
459 0.026
460 0.031
461 0.027
462 0.029
463 0.031
464 0.028
465 0.035
466 0.031
467 0.026
468 0.027
469 0.028
470 0.027
471 0.028
472 0.027
473 0.030
474 0.027
475 0.028
476 0.027
477 0.028
478 0.027
479 0.028
480 0.027
481 0.028
482 0.027
483 0.027
484 0.028
485 0.027
486 0.029
487 0.028
488 0.029
489 0.027
490 0.027
491 0.028
492 0.027
493 0.029
494 0.027
495 0.033
496 0.027
497 0.033
498 0.027
499 0.028
500 0.031
501 0.027
502 0.038
503 0.035
504 0.035
505 0.036
506 0.040
507 0.035
508 0.036
509 0.036
510 0.038
511 0.037
512 0.035
513 0.037
514 0.034
515 0.036
516 0.036
517 0.035
518 0.035
519 0.038
520 0.038
521 0.036
522 0.044
523 0.036
524 0.035
525 0.035
526 0.035
527 0.036
528 0.034
529 0.036
530 0.039
531 0.040
532 0.038
533 0.038
534 0.036
535 0.034
536 0.036
537 0.034
538 0.036
539 0.039
540 0.035
541 0.035
542 0.035
543 0.034
544 0.036
545 0.039
546 0.036
547 0.040
548 0.039
549 0.044
550 0.043
551 0.039
552 1.003
553 1.066
554 0.989
555 1.173
556 1.038
557 0.911
558 0.996
559 0.989
560 0.878
561 0.945
562 0.922
563 0.961
564 1.004
565 0.983
566 0.979
567 0.903
568 1.173
569 0.933
570 0.983
571 0.963
572 0.942
573 0.957
574 1.199
575 0.982
576 0.950
577 0.905
578 0.912
579 0.959
580 0.976
581 1.191
582 0.790
583 1.171
584 1.163
585 1.032
586 1.058
587 1.030
588 1.024
589 1.231
590 1.186
591 1.195
592 0.862
593 0.976
594 1.745
595 1.080
596 1.113
597 1.136
598 0.941
599 1.208
600 1.196
601 1.031
602 0.027
603 0.028
604 0.027
605 0.028
606 0.029
607 0.027
608 0.031
609 0.029
610 0.027
611 0.031
612 0.027
613 0.028
614 0.027
615 0.028
616 0.028
617 0.027
618 0.027
619 0.027
620 0.046
621 0.033
622 0.029
623 0.027
624 0.027
625 0.030
626 0.031
627 0.028
628 0.027
629 0.031
630 0.028
631 0.027
632 0.027
633 0.027
634 0.027
635 0.031
636 0.032
637 0.029
638 0.027
639 0.028
640 0.031
641 0.030
642 0.027
643 0.034
644 0.027
645 0.031
646 0.026
647 0.029
648 0.036
649 0.030
650 0.041
651 0.036
652 0.043
653 0.039
654 0.036
655 0.033
656 0.034
657 0.034
658 0.039
659 0.043
660 0.037
661 0.036
662 0.036
663 0.033
664 0.035
665 0.034
666 0.036
667 0.036
668 0.034
669 0.034
670 0.035
671 0.037
672 0.035
673 0.034
674 0.045
675 0.037
676 0.040
677 0.042
678 0.033
679 0.039
680 0.036
681 0.035
682 0.037
683 0.043
684 0.041
685 0.035
686 0.035
687 0.037
688 0.035
689 0.035
690 0.044
691 0.036
692 0.035
693 0.038
694 0.045
695 0.037
696 0.034
697 0.040
698 0.035
699 0.037
700 0.037
701 0.042
702 1.290
703 1.183
704 1.492
705 1.147
706 0.863
707 0.956
708 0.934
709 0.927
710 0.847
711 0.880
712 0.778
713 0.891
714 1.144
715 1.121
716 1.195
717 1.104
718 0.798
719 0.888
720 0.854
721 1.205
722 1.206
723 1.140
724 0.948
725 1.151
726 1.121
727 1.119
728 0.818
729 0.857
730 1.179
731 1.155
732 0.994
733 1.175
734 1.170
735 1.153
736 0.868
737 1.125
738 1.212
739 0.821
740 1.190
741 0.938
742 1.305
743 1.214
744 1.231
745 1.285
746 1.185
747 1.142
748 1.233
749 1.253
750 1.098
751 1.198
