01 0.033
02 0.044
03 0.035
04 0.037
05 0.038
06 0.036
07 0.040
08 0.032
09 0.034
10 0.030
11 0.038
12 0.039
13 0.035
14 0.035
15 0.040
16 0.049
17 0.031
18 0.037
19 0.037
20 0.031
21 0.062
22 0.052
23 0.060
24 0.057
25 0.068
26 0.064
27 0.060
28 0.050
29 0.051
30 0.045
31 0.059
32 0.054
33 0.057
34 0.050
35 0.046
36 0.044
37 0.034
38 0.031
39 0.030
40 0.042
41 0.040
42 0.030
43 0.036
44 0.036
45 0.035
46 0.038
47 0.054
48 0.033
49 0.034
50 0.039
51 0.032
52 0.040
53 0.039
54 0.040
55 0.044
56 0.050
57 0.034
58 0.046
59 0.033
60 0.039
61 0.039
62 0.039
63 0.038
64 0.037
65 0.035
66 0.051
67 0.039
68 0.043
69 0.034
70 0.040
71 0.033
72 0.039
73 0.037
74 0.034
75 0.046
76 0.041
77 0.044
78 0.039
79 0.049
80 0.040
81 0.042
82 0.042
83 0.053
84 0.049
85 0.049
86 0.052
87 0.049
88 0.042
89 0.048
90 0.042
91 0.039
92 0.051
93 0.044
94 0.041
95 0.041
96 0.039
97 0.039
98 0.046
99 0.047
100 0.040
101 0.048
102 0.577
103 0.616
104 0.691
105 0.598
106 0.562
107 0.569
108 0.707
109 0.576
110 0.581
111 0.608
112 0.592
113 0.694
114 0.747
115 0.754
116 0.562
117 0.666
118 0.644
119 0.881
120 0.611
121 0.584
122 0.745
123 0.589
124 0.658
125 0.574
126 0.793
127 0.706
128 0.858
129 0.648
130 0.620
131 0.623
132 0.586
133 0.531
134 0.676
135 0.487
136 0.747
137 0.598
138 0.675
139 0.631
140 0.599
141 0.574
142 0.640
143 0.608
144 0.665
145 0.567
146 0.566
147 0.617
148 0.571
149 0.576
150 0.567
151 0.597
152 0.030
153 0.034
154 0.030
155 0.031
156 0.030
157 0.034
158 0.031
159 0.033
160 0.034
161 0.035
162 0.039
163 0.035
164 0.042
165 0.035
166 0.029
167 0.033
168 0.036
169 0.049
170 0.037
171 0.033
172 0.033
173 0.036
174 0.030
175 0.030
176 0.032
177 0.031
178 0.038
179 0.032
180 0.028
181 0.032
182 0.031
183 0.035
184 0.028
185 0.040
186 0.028
187 0.032
188 0.038
189 0.054
190 0.044
191 0.039
192 0.033
193 0.032
194 0.036
195 0.048
196 0.033
197 0.042
198 0.032
199 0.036
200 0.033
201 0.033
202 0.039
203 0.040
204 0.045
205 0.042
206 0.045
207 0.039
208 0.056
209 0.047
210 0.042
211 0.043
212 0.040
213 0.043
214 0.047
215 0.042
216 0.038
217 0.048
218 0.045
219 0.043
220 0.044
221 0.045
222 0.038
223 0.051
224 0.051
225 0.045
226 0.046
227 0.046
228 0.039
229 0.061
230 0.044
231 0.045
232 0.055
233 0.038
234 0.042
235 0.036
236 0.041
237 0.053
238 0.049
239 0.042
240 0.047
241 0.044
242 0.058
243 0.066
244 0.051
245 0.037
246 0.044
247 0.040
248 0.047
249 0.050
250 0.050
251 0.045
252 0.594
253 0.646
254 0.574
255 0.898
256 0.700
257 0.906
258 0.558
259 0.556
260 0.544
261 0.579
262 0.584
263 0.562
264 0.592
265 0.605
266 0.559
267 0.558
268 0.569
269 0.553
270 0.564
271 0.666
272 0.807
273 0.640
274 0.588
275 0.606
276 0.620
277 0.735
278 0.910
279 0.649
280 0.568
281 0.580
282 0.618
283 0.811
284 0.551
285 0.531
286 0.677
287 0.670
288 0.625
289 0.816
290 0.831
291 0.595
292 0.613
293 0.673
294 0.978
295 0.780
296 0.584
297 0.585
298 0.629
299 0.607
300 0.575
301 0.590
302 0.031
303 0.032
304 0.031
305 0.034
306 0.030
307 0.030
308 0.030
309 0.044
310 0.036
311 0.041
312 0.031
313 0.032
314 0.032
315 0.042
316 0.039
317 0.033
318 0.034
319 0.034
320 0.032
321 0.032
322 0.030
323 0.033
324 0.031
325 0.031
326 0.032
327 0.034
328 0.035
329 0.031
330 0.037
331 0.033
332 0.035
333 0.031
334 0.036
335 0.035
336 0.074
337 0.092
338 0.064
339 0.051
340 0.179
341 0.041
342 0.032
343 0.029
344 0.031
345 0.026
346 0.027
347 0.032
348 0.029
349 0.027
350 0.028
351 0.038
352 0.035
353 0.033
354 0.061
355 0.030
356 0.037
357 0.042
358 0.038
359 0.034
360 0.032
361 0.036
362 0.034
363 0.034
364 0.035
365 0.034
366 0.037
367 0.033
368 0.039
369 0.045
370 0.033
371 0.035
372 0.031
373 0.037
374 0.033
375 0.042
376 0.037
377 0.034
378 0.042
379 0.040
380 0.049
381 0.042
382 0.037
383 0.040
384 0.041
385 0.039
386 0.038
387 0.047
388 0.033
389 0.042
390 0.030
391 0.044
392 0.031
393 0.031
394 0.036
395 0.034
396 0.032
397 0.044
398 0.031
399 0.032
400 0.030
401 0.032
402 0.195
403 0.214
404 0.202
405 0.203
406 0.205
407 0.219
408 0.190
409 0.214
410 0.194
411 0.195
412 0.197
413 0.231
414 0.198
415 0.196
416 0.196
417 0.193
418 0.208
419 0.236
420 0.198
421 0.200
422 0.216
423 0.196
424 0.192
425 0.199
426 0.198
427 0.221
428 0.201
429 0.216
430 0.195
431 0.196
432 0.246
433 0.255
434 0.221
435 0.193
436 0.238
437 0.191
438 0.201
439 0.198
440 0.195
441 0.203
442 0.195
443 0.190
444 0.197
445 0.195
446 0.194
447 0.419
448 0.284
449 0.322
450 0.239
451 0.245
452 0.030
453 0.029
454 0.028
455 0.029
456 0.030
457 0.028
458 0.029
459 0.031
460 0.027
461 0.032
462 0.028
463 0.029
464 0.028
465 0.033
466 0.033
467 0.029
468 0.028
469 0.034
470 0.029
471 0.028
472 0.028
473 0.029
474 0.028
475 0.030
476 0.029
477 0.041
478 0.027
479 0.033
480 0.028
481 0.361
482 0.102
483 0.076
484 0.063
485 0.052
486 0.056
487 0.076
488 0.092
489 0.038
490 0.034
491 0.029
492 0.032
493 0.030
494 0.036
495 0.041
496 0.039
497 0.056
498 0.142
499 0.085
500 0.041
501 0.041
502 0.036
503 0.047
504 0.047
505 0.044
506 0.039
507 0.047
508 0.037
509 0.046
510 0.043
511 0.040
512 0.045
513 0.041
514 0.043
515 0.045
516 0.041
517 0.045
518 0.042
519 0.038
520 0.041
521 0.035
522 0.037
523 0.052
524 0.032
525 0.036
526 0.032
527 0.048
528 0.035
529 0.041
530 0.032
531 0.035
532 0.032
533 0.030
534 0.030
535 0.030
536 0.030
537 0.030
538 0.030
539 0.031
540 0.034
541 0.030
542 0.030
543 0.031
544 0.030
545 0.031
546 0.030
547 0.030
548 0.031
549 0.036
550 0.031
551 0.088
552 0.216
553 0.222
554 0.220
555 0.212
556 0.211
557 0.215
558 0.211
559 0.242
560 0.213
561 0.218
562 0.217
563 0.221
564 0.218
565 0.218
566 0.251
567 0.222
568 0.225
569 0.222
570 0.365
571 0.226
572 0.214
573 0.211
574 0.212
575 0.214
576 0.207
577 0.205
578 0.212
579 0.212
580 0.210
581 0.207
582 0.197
583 0.221
584 0.209
585 0.213
586 0.217
587 0.206
588 0.203
589 0.206
590 0.204
591 0.211
592 0.207
593 0.208
594 0.416
595 0.219
596 0.258
597 0.211
598 0.221
599 0.237
600 0.216
601 0.217
602 0.032
603 0.028
604 0.028
605 0.032
606 0.027
607 0.028
608 0.032
609 0.026
610 0.026
611 0.027
612 0.027
613 0.027
614 0.026
615 0.027
616 0.028
617 0.026
618 0.026
619 0.028
620 0.028
621 0.026
622 0.028
623 0.026
624 0.026
625 0.036
626 0.027
627 0.027
628 0.026
629 0.026
630 0.028
631 0.027
632 0.027
633 0.026
634 0.026
635 0.027
636 0.027
637 0.027
638 0.031
639 0.026
640 0.025
641 0.027
642 0.026
643 0.027
644 0.028
645 0.026
646 0.026
647 0.029
648 0.028
649 0.031
650 0.027
651 0.034
652 0.034
653 0.032
654 0.030
655 0.032
656 0.030
657 0.034
658 0.035
659 0.031
660 0.031
661 0.030
662 0.032
663 0.030
664 0.032
665 0.030
666 0.030
667 0.031
668 0.030
669 0.032
670 0.033
671 0.031
672 0.058
673 0.034
674 0.042
675 0.031
676 0.030
677 0.033
678 0.034
679 0.039
680 0.031
681 0.032
682 0.041
683 0.031
684 0.031
685 0.032
686 0.031
687 0.032
688 0.030
689 0.030
690 0.031
691 0.030
692 0.031
693 0.031
694 0.041
695 0.031
696 0.032
697 0.032
698 0.034
699 0.039
700 0.034
701 0.033
702 0.201
703 0.204
704 0.217
705 0.320
706 0.214
707 0.217
708 0.206
709 0.253
710 0.270
711 0.209
712 0.209
713 0.266
714 0.243
715 0.271
716 0.229
717 0.225
718 0.634
719 0.232
720 0.255
721 0.213
722 0.212
723 0.217
724 0.201
725 0.203
726 0.207
727 0.206
728 0.232
729 0.295
730 0.201
731 0.212
732 0.208
733 0.198
734 0.206
735 0.207
736 0.201
737 0.206
738 0.207
739 0.203
740 0.208
741 0.199
742 0.222
743 0.244
744 0.214
745 0.204
746 0.219
747 0.204
748 0.209
749 0.291
750 0.201
751 0.212
